,AAPL,AMGN,AXP,BA,CAT,CRM,CSCO,CVX,DIS,DOW,GS,HD,HON,IBM,INTC,JNJ,JPM,KO,MCD,MMM,MRK,MSFT,NKE,PG,TRV,UNH,V,VZ,WBA,WMT
AAPL,1.0,0.301243975587941,0.36550079431075455,0.28783646661610207,0.36676127670980324,0.2963350807878741,0.4656533983527887,0.2822718300120544,0.34874295074396444,0.13028223980903328,0.3910571779241692,0.3339388469494922,0.3517781568337079,0.41458524947950365,0.49697488593931904,0.2298227306922594,0.3624155798292227,0.22475070722702406,0.25436472468445565,0.3286886188752005,0.21809930087228172,0.4613203335253353,0.2957558773193444,0.19730191052983773,0.2899172166616221,0.25424703160031903,0.30309471724024845,0.26180205121900296,0.2332251942018272,0.2599314552910181
AMGN,0.301243975587941,1.0,0.3353509376575699,0.30225987280456007,0.310728634714988,0.228620985469902,0.36337730897378057,0.3137347345256778,0.3303547723155854,0.12112890460861227,0.3381645571394392,0.3416962232635837,0.32508120309181704,0.3353590494927559,0.3723701820148718,0.39352100381956884,0.3302081823991181,0.2811201648246654,0.25562855536048656,0.35862083003925854,0.3822876812762674,0.3915873061541941,0.27732571732719563,0.28828982206138337,0.33395106864786794,0.31598685793734543,0.26579581596471963,0.29364937225340537,0.2938615859480178,0.3074048028213072
AXP,0.36550079431075455,0.3353509376575699,1.0,0.5081829485876415,0.5488119953693902,0.3453242129919664,0.44723393870224953,0.5107013147930748,0.5600361117666556,0.25449337614495904,0.6533995486907835,0.5199116880918689,0.547463137323288,0.47536602264771316,0.4617844587615578,0.3891546237287739,0.7104961579826876,0.38946537025928235,0.3961193836226195,0.5352525336499444,0.367262726871823,0.46931711685264715,0.4514634172843984,0.346290936727282,0.5597203618175505,0.40909237228363865,0.5118333038543331,0.41168806722919393,0.374023422101194,0.35732585596633043
BA,0.28783646661610207,0.30225987280456007,0.5081829485876415,1.0,0.4760796956216906,0.29621060791753767,0.34261806712217524,0.48429950680237643,0.46251557895688683,0.3175766067078305,0.4461377399103077,0.4219272966937496,0.5587260911438909,0.4019498252861045,0.3676273858698109,0.3523114469578142,0.4536868821195936,0.3711392782579417,0.3733371401691586,0.4710978051814554,0.3059547196327028,0.38079915409900883,0.38278156776967054,0.2987850148832455,0.4242976171727534,0.35001693919248555,0.3891605248704666,0.3050231609168806,0.35608102999359664,0.28505179721865836
CAT,0.36676127670980324,0.310728634714988,0.5488119953693902,0.4760796956216906,1.0,0.35664516625777637,0.40648904768281713,0.5333457934626687,0.4702113529757871,0.25689510122487813,0.5209123346285418,0.4594314315752924,0.594096964428749,0.4621317501927534,0.4284374200488133,0.3684466419875419,0.5286535576086527,0.3668728998913164,0.34351947685098533,0.5992070040919006,0.32705791701230935,0.4328486136168292,0.411306636365875,0.3277564406197217,0.44695499515845044,0.3568148604348167,0.4093566311625696,0.3491605509349235,0.3706911861299048,0.3365327081104371
CRM,0.2963350807878741,0.228620985469902,0.3453242129919664,0.29621060791753767,0.35664516625777637,1.0,0.30893505095581597,0.32845127176784655,0.3206191754969382,0.1334737739556852,0.3503645692745359,0.3167526629585429,0.31389763751988886,0.31336787135856636,0.30919611299132593,0.24484879762486322,0.3205651225828108,0.237399654926433,0.26757360014064047,0.3183388031622424,0.2543446698161774,0.3616980767114495,0.3135759275423992,0.22237688397509509,0.2959360990510872,0.2584970489771703,0.40279011101814755,0.2482647628442276,0.24270427268647043,0.2007354456819707
CSCO,0.4656533983527887,0.36337730897378057,0.44723393870224953,0.34261806712217524,0.40648904768281713,0.30893505095581597,1.0,0.32638045393445114,0.44852758586949787,0.14809487291141457,0.4894466800345744,0.39815179104504733,0.44657064916809824,0.531986558709776,0.6205639912604441,0.2710622165413893,0.4555650849432795,0.2590011711621006,0.30069055253771004,0.41167517132391535,0.24766920372291654,0.5679613681081355,0.35145984661249663,0.24264686438469776,0.3599920275669569,0.24385447017053197,0.31252658199745725,0.3465173918417925,0.2729070758645338,0.3163333649357141
CVX,0.2822718300120544,0.3137347345256778,0.5107013147930748,0.48429950680237643,0.5333457934626687,0.32845127176784655,0.32638045393445114,1.0,0.4563193859643447,0.30076158513551954,0.46015434368034835,0.3897134901865427,0.4974729838839193,0.4139779471490005,0.34896766022788545,0.4193649417361815,0.47070474129348217,0.40177601923578116,0.3761848205367189,0.49782800134831884,0.3921041023397716,0.40808827069232206,0.35924480425950533,0.3260410687245168,0.4801181126646919,0.41468802324411513,0.44233682484317066,0.3676000527619622,0.34224535665622524,0.26740638885699075
DIS,0.34874295074396444,0.3303547723155854,0.5600361117666556,0.46251557895688683,0.4702113529757871,0.3206191754969382,0.44852758586949787,0.4563193859643447,1.0,0.20229901219898222,0.5106939284155632,0.4729992870864662,0.5261862100065925,0.46581251330119566,0.4272951643757423,0.3597047292644577,0.5120869856397008,0.3620121960683339,0.37872769493148173,0.47816637045492927,0.33147640626636826,0.4553103809935315,0.4155828239913139,0.30797280186595766,0.4263278332677882,0.3402439645054279,0.39404501418125254,0.4037575899869421,0.33460610153140846,0.33956644953623294
DOW,0.13028223980903328,0.12112890460861227,0.25449337614495904,0.3175766067078305,0.25689510122487813,0.1334737739556852,0.14809487291141457,0.30076158513551954,0.20229901219898222,1.0,0.21686864180226298,0.17536800849338108,0.22069684104601558,0.2449211671304071,0.16492634080935342,0.16420027784935273,0.2236948761649813,0.22015255239134032,0.19590823996707746,0.25085088843984826,0.12211701903375705,0.1616014868685906,0.18189718401281896,0.1499462789815192,0.2344620511443787,0.160000103489886,0.25919988611537637,0.12241405298428708,0.2023319779171715,0.10998710577398076
GS,0.3910571779241692,0.3381645571394392,0.6533995486907835,0.4461377399103077,0.5209123346285418,0.3503645692745359,0.4894466800345744,0.46015434368034835,0.5106939284155632,0.21686864180226298,1.0,0.4931054233569022,0.5037695329024265,0.47961182186759843,0.46563528653145847,0.32245439970118384,0.7210607728876005,0.2964531289168739,0.3266987577592136,0.4838730069902415,0.3136004122541765,0.48666668005745106,0.3892286097475669,0.2658220261748974,0.5066274899880907,0.3716262271508894,0.44338356730918105,0.36164146199665814,0.3288747144653362,0.3324358251027823
HD,0.3339388469494922,0.3416962232635837,0.5199116880918689,0.4219272966937496,0.4594314315752924,0.3167526629585429,0.39815179104504733,0.3897134901865427,0.4729992870864662,0.17536800849338108,0.4931054233569022,1.0,0.4728138361562343,0.4291527300647347,0.4199012175132171,0.33202701694905457,0.5118769585687385,0.35980941596317756,0.41068105141284106,0.4814736070496074,0.3232717727816852,0.4323111604483969,0.449593331802678,0.32487465409189203,0.4473963342623493,0.3542991098003607,0.3686087259058247,0.3644410098324064,0.38599483895563974,0.5278200586332994
HON,0.3517781568337079,0.32508120309181704,0.547463137323288,0.5587260911438909,0.594096964428749,0.31389763751988886,0.44657064916809824,0.4974729838839193,0.5261862100065925,0.22069684104601558,0.5037695329024265,0.4728138361562343,1.0,0.4738768976693489,0.44279580343354347,0.3825102121130313,0.5229282513667185,0.3785476486275987,0.37049945501226267,0.577950729746097,0.3611265185545623,0.4671874410268741,0.4036096370789083,0.339623682780331,0.4805577600478207,0.37486652548380384,0.3897288722067512,0.37238142538433,0.35298478261347205,0.3412901284166978
IBM,0.41458524947950365,0.3353590494927559,0.47536602264771316,0.4019498252861045,0.4621317501927534,0.31336787135856636,0.531986558709776,0.4139779471490005,0.46581251330119566,0.2449211671304071,0.47961182186759843,0.4291527300647347,0.4738768976693489,1.0,0.5298138550084273,0.3479142609266041,0.4900912516082395,0.3358585012708199,0.3332766061321363,0.4554994625317018,0.30463816404244143,0.5092199724741058,0.37458850210968964,0.2893720913705081,0.4089704827870445,0.2972878461196491,0.3562027054203402,0.38489092199138225,0.33157704331702675,0.3365961186332773
INTC,0.49697488593931904,0.3723701820148718,0.4617844587615578,0.3676273858698109,0.4284374200488133,0.30919611299132593,0.6205639912604441,0.34896766022788545,0.4272951643757423,0.16492634080935342,0.46563528653145847,0.4199012175132171,0.44279580343354347,0.5298138550084273,1.0,0.29190144285741304,0.45357756120581066,0.28817944511230703,0.2810533372338222,0.41834294006747225,0.28159645592894683,0.6026350602546034,0.33715903817926773,0.2673492147426105,0.377803180383967,0.2642700665531571,0.31698351566778055,0.3485941037085819,0.29318197423912695,0.3243507895614026
JNJ,0.2298227306922594,0.39352100381956884,0.3891546237287739,0.3523114469578142,0.3684466419875419,0.24484879762486322,0.2710622165413893,0.4193649417361815,0.3597047292644577,0.16420027784935273,0.32245439970118384,0.33202701694905457,0.3825102121130313,0.3479142609266041,0.29190144285741304,1.0,0.3345977608939702,0.4459106966757427,0.3347112514217391,0.46710290300787977,0.5263920757991826,0.34984042322591785,0.32075059661240635,0.46701055435437844,0.37713007611543853,0.3963131607689916,0.33240755261308336,0.38408957156705303,0.3931274020644482,0.3535997003885389
JPM,0.3624155798292227,0.3302081823991181,0.7104961579826876,0.4536868821195936,0.5286535576086527,0.3205651225828108,0.4555650849432795,0.47070474129348217,0.5120869856397008,0.2236948761649813,0.7210607728876005,0.5118769585687385,0.5229282513667185,0.4900912516082395,0.45357756120581066,0.3345977608939702,1.0,0.3384446683104593,0.3504452209159435,0.5007862449981617,0.34624474414994544,0.4591336257589155,0.4152584969909681,0.3097410666863253,0.5634810280584261,0.36192279821175705,0.45781307724632914,0.42149079471998413,0.35965853989155916,0.343725675379896
KO,0.22475070722702406,0.2811201648246654,0.38946537025928235,0.3711392782579417,0.3668728998913164,0.237399654926433,0.2590011711621006,0.40177601923578116,0.3620121960683339,0.22015255239134032,0.2964531289168739,0.35980941596317756,0.3785476486275987,0.3358585012708199,0.28817944511230703,0.4459106966757427,0.3384446683104593,1.0,0.37096349485663926,0.42782266362357685,0.3637610693830623,0.33810151679700245,0.33724597097979975,0.4776456369807833,0.3873885497617416,0.3553593451810132,0.2908982715381728,0.3890937557342704,0.3429716366540641,0.34150588843806073
MCD,0.25436472468445565,0.25562855536048656,0.3961193836226195,0.3733371401691586,0.34351947685098533,0.26757360014064047,0.30069055253771004,0.3761848205367189,0.37872769493148173,0.19590823996707746,0.3266987577592136,0.41068105141284106,0.37049945501226267,0.3332766061321363,0.2810533372338222,0.3347112514217391,0.3504452209159435,0.37096349485663926,1.0,0.3841759003443491,0.3153933446366774,0.31882156673314255,0.3538134965853056,0.35303506574860655,0.40187481127088426,0.31159443973498313,0.3268240139853871,0.3062455567197028,0.2955785067358995,0.33554141758341216
MMM,0.3286886188752005,0.35862083003925854,0.5352525336499444,0.4710978051814554,0.5992070040919006,0.3183388031622424,0.41167517132391535,0.49782800134831884,0.47816637045492927,0.25085088843984826,0.4838730069902415,0.4814736070496074,0.577950729746097,0.4554994625317018,0.41834294006747225,0.46710290300787977,0.5007862449981617,0.42782266362357685,0.3841759003443491,1.0,0.3727622498392143,0.41645319889393556,0.42576452017949684,0.4241632747709896,0.4876410805969477,0.3978324218500917,0.396045529576667,0.3825732685037772,0.39291839420880187,0.3918373737629968
MRK,0.21809930087228172,0.3822876812762674,0.367262726871823,0.3059547196327028,0.32705791701230935,0.2543446698161774,0.24766920372291654,0.3921041023397716,0.33147640626636826,0.12211701903375705,0.3136004122541765,0.3232717727816852,0.3611265185545623,0.30463816404244143,0.28159645592894683,0.5263920757991826,0.34624474414994544,0.3637610693830623,0.3153933446366774,0.3727622498392143,1.0,0.31460194298654953,0.2781646337850592,0.3728568411121753,0.3746305353378832,0.35321401260485336,0.2981776923420742,0.3711167549946876,0.32637685286133905,0.3130128775070821
MSFT,0.4613203335253353,0.3915873061541941,0.46931711685264715,0.38079915409900883,0.4328486136168292,0.3616980767114495,0.5679613681081355,0.40808827069232206,0.4553103809935315,0.1616014868685906,0.48666668005745106,0.4323111604483969,0.4671874410268741,0.5092199724741058,0.6026350602546034,0.34984042322591785,0.4591336257589155,0.33810151679700245,0.31882156673314255,0.41645319889393556,0.31460194298654953,1.0,0.3656847652153675,0.2864162891877309,0.4041800102412052,0.32628509833033686,0.3794899166576256,0.3777379042345988,0.3065677611647154,0.35461677828046123
NKE,0.2957558773193444,0.27732571732719563,0.4514634172843984,0.38278156776967054,0.411306636365875,0.3135759275423992,0.35145984661249663,0.35924480425950533,0.4155828239913139,0.18189718401281896,0.3892286097475669,0.449593331802678,0.4036096370789083,0.37458850210968964,0.33715903817926773,0.32075059661240635,0.4152584969909681,0.33724597097979975,0.3538134965853056,0.42576452017949684,0.2781646337850592,0.3656847652153675,1.0,0.2892726040504812,0.3779138734383289,0.301958538284459,0.3655718155753557,0.3196135623721268,0.3217930046246201,0.3533377515048003
PG,0.19730191052983773,0.28828982206138337,0.346290936727282,0.2987850148832455,0.3277564406197217,0.22237688397509509,0.24264686438469776,0.3260410687245168,0.30797280186595766,0.1499462789815192,0.2658220261748974,0.32487465409189203,0.339623682780331,0.2893720913705081,0.2673492147426105,0.46701055435437844,0.3097410666863253,0.4776456369807833,0.35303506574860655,0.4241632747709896,0.3728568411121753,0.2864162891877309,0.2892726040504812,1.0,0.355007153851376,0.32145913703838297,0.28764872340051656,0.36066217301196024,0.3590765695444424,0.38443298201731235
TRV,0.2899172166616221,0.33395106864786794,0.5597203618175505,0.4242976171727534,0.44695499515845044,0.2959360990510872,0.3599920275669569,0.4801181126646919,0.4263278332677882,0.2344620511443787,0.5066274899880907,0.4473963342623493,0.4805577600478207,0.4089704827870445,0.377803180383967,0.37713007611543853,0.5634810280584261,0.3873885497617416,0.40187481127088426,0.4876410805969477,0.3746305353378832,0.4041800102412052,0.3779138734383289,0.355007153851376,1.0,0.4191189781790505,0.392926240830411,0.3906415259383698,0.3345059959563072,0.3558153208251393
UNH,0.25424703160031903,0.31598685793734543,0.40909237228363865,0.35001693919248555,0.3568148604348167,0.2584970489771703,0.24385447017053197,0.41468802324411513,0.3402439645054279,0.160000103489886,0.3716262271508894,0.3542991098003607,0.37486652548380384,0.2972878461196491,0.2642700665531571,0.3963131607689916,0.36192279821175705,0.3553593451810132,0.31159443973498313,0.3978324218500917,0.35321401260485336,0.32628509833033686,0.301958538284459,0.32145913703838297,0.4191189781790505,1.0,0.33904849421421324,0.2689336535086086,0.32914036365653937,0.27532118240943243
V,0.30309471724024845,0.26579581596471963,0.5118333038543331,0.3891605248704666,0.4093566311625696,0.40279011101814755,0.31252658199745725,0.44233682484317066,0.39404501418125254,0.25919988611537637,0.44338356730918105,0.3686087259058247,0.3897288722067512,0.3562027054203402,0.31698351566778055,0.33240755261308336,0.45781307724632914,0.2908982715381728,0.3268240139853871,0.396045529576667,0.2981776923420742,0.3794899166576256,0.3655718155753557,0.28764872340051656,0.392926240830411,0.33904849421421324,1.0,0.26987292764266335,0.29221439110891767,0.24358143281484568
VZ,0.26180205121900296,0.29364937225340537,0.41168806722919393,0.3050231609168806,0.3491605509349235,0.2482647628442276,0.3465173918417925,0.3676000527619622,0.4037575899869421,0.12241405298428708,0.36164146199665814,0.3644410098324064,0.37238142538433,0.38489092199138225,0.3485941037085819,0.38408957156705303,0.42149079471998413,0.3890937557342704,0.3062455567197028,0.3825732685037772,0.3711167549946876,0.3777379042345988,0.3196135623721268,0.36066217301196024,0.3906415259383698,0.2689336535086086,0.26987292764266335,1.0,0.29051922030327715,0.354434847344407
WBA,0.2332251942018272,0.2938615859480178,0.374023422101194,0.35608102999359664,0.3706911861299048,0.24270427268647043,0.2729070758645338,0.34224535665622524,0.33460610153140846,0.2023319779171715,0.3288747144653362,0.38599483895563974,0.35298478261347205,0.33157704331702675,0.29318197423912695,0.3931274020644482,0.35965853989155916,0.3429716366540641,0.2955785067358995,0.39291839420880187,0.32637685286133905,0.3065677611647154,0.3217930046246201,0.3590765695444424,0.3345059959563072,0.32914036365653937,0.29221439110891767,0.29051922030327715,1.0,0.381985930478454
WMT,0.2599314552910181,0.3074048028213072,0.35732585596633043,0.28505179721865836,0.3365327081104371,0.2007354456819707,0.3163333649357141,0.26740638885699075,0.33956644953623294,0.10998710577398076,0.3324358251027823,0.5278200586332994,0.3412901284166978,0.3365961186332773,0.3243507895614026,0.3535997003885389,0.343725675379896,0.34150588843806073,0.33554141758341216,0.3918373737629968,0.3130128775070821,0.35461677828046123,0.3533377515048003,0.38443298201731235,0.3558153208251393,0.27532118240943243,0.24358143281484568,0.354434847344407,0.381985930478454,1.0
